20180328,0.2567783851518951
20180327,0.2567783851518951
20180326,0.2567783851518951
20180325,0.2567783851518951
20180324,0.2567783851518951
20180323,0.2567783851518951
20180322,0.2567783851518951
20180321,0.2567783851518951
20180320,0.2567783851518951
20180319,0.2567783851518951
20180318,0.2567783851518951
20180317,0.2567783851518951
20180316,0.2567783851518951
20180315,0.2567783851518951
20180314,0.2567783851518951
20180313,0.2567783851518951
20180312,0.2567783851518951
20180311,0.2567783851518951
20180310,0.2567783851518951
20180309,0.2567783851518951
20180308,0.2567783851518951
20180307,0.2567783851518951
20180306,0.2567783851518951
20180305,0.2567783851518951
20180304,0.2567783851518951
20180303,0.2567783851518951
20180302,0.2567783851518951
20180301,0.2567783851518951
20180228,0.2567783851518951
20180227,0.2567783851518951
20180226,0.20470351925331023
20180225,0.1445212800573612
20180224,0.11268136535062256
20180223,0.3402300685691568
20180222,0.35078983650460666
20180221,0.2805391898806985
20180220,0.23796866628965724
20180219,0.26524415281551295
20180218,0.1373335047073757
20180217,0.29695412346840144
20180216,0.2927679938876958
20180215,0.3684467151710891
20180214,0.2471831245233905
20180213,0.14409496311348804
20180212,0.19903310088470264
20180211,0.16122888429841933
20180210,0.23797848405587613
20180209,0.39373271690136996
20180208,0.2864430339397303
20180207,0.17875204073588788
20180206,0.2618916056576566
20180205,0.1920853233716242
20180204,0.23409067505903305
20180203,0.18439004167670306
20180202,0.3229195162672407
20180201,0.2180328977811091
20180131,0.12486401752328927
20180130,0.3105585170260831
20180129,0.2961882897674616
20180128,0.3855526459398716
20180127,0.13694515409284483
20180126,0.2871231536167469
20180125,0.23405486776859322
20180124,0.14483581852307595
20180123,0.21287660702047562
20180122,0.23885225337701832
20180121,0.15090373887224642
20180120,0.33106557533461844
20180119,0.3510662535553023
20180118,0.14297622977840885
20180117,0.016739321585987305
20180116,0.322141285816723
20180115,0.26790672294093015
20180114,0.3250231482662205
20180113,0.10259928558139053
20180112,0.2060834998095518
20180111,0.2393316008195319
20180110,0.16472857358962112
20180109,0.26639717551970915
20180108,0.19747795519353406
20180107,0.10852137376623493
20180106,0.38221131659581364
20180105,0.16811533670773707
20180104,0.40244059012670563
20180103,0.12107941552925247
20180102,0.29843019520235364
20180101,0.1200283899298437
20171231,0.17048779154883767
20171230,0.24068340252351816
20171229,0.20672688429798114
20171228,0.3981809742771843
20171227,0.1769498733822969
20171226,0.31825371665640745
20171225,0.4292043323702618
20171224,0.1062860919700814
20171223,0.25033416985361
20171222,0.22351253090816245
20171221,0.14966084530541057
20171220,0.08176833251113264
20171219,0.28164540994289966
20171218,0.2989243425624214
20171217,0.39741539957453864
20171216,-0.04260668404125825
20171215,0.11682293180508424
20171214,0.20274783322199544
20171213,0.11006956726323718
20171212,0.09857880005727722
20171211,0.3080615691780451
20171210,0.0648295473956841
20171209,0.17480884250618858
20171208,0.2714134569730802
20171207,0.08222648229696108
20171206,0.10270250453387439
20171205,0.11314413277389243
20171204,0.0681602697987287
20171203,0.31856397524356667
20171202,0.2285055999927452
20171201,0.23880076259621874
20171130,0.16098797752186592
20171129,0.2970198039276809
20171128,0.18073593367845775
20171127,0.16329184288153856
20171126,0.27676273039924654
20171125,0.1458620594159077
20171124,0.12120979892569379
20171123,0.14383315870943209
20171122,0.07823313867087402
20171121,0.16672559106722176
20171120,0.2685028892237966
20171119,0.09750073334289656
20171118,-0.1403688970369431
20171117,0.26643751521227244
20171116,0.12224496026827117
20171115,0.14425898273095122
20171114,0.274133471139697
20171113,0.09999171105947363
20171112,-0.08711304543956529
20171111,0.08202578952172561
20171110,0.07033313469084246
20171109,0.03770426462805091
20171108,0.09585575740625055
20171107,0.1322530864842772
20171106,0.017581682597164753
20171105,0.1536524937303249
20171104,0.2438400726679428
20171103,0.20431713244054445
20171102,0.2226115285567334
20171101,0.2666549740212356
20171031,0.18229941215575313
20171030,0.08890295879706434
20171029,0.08890295879706434
20171028,0.21572651959105738
20171027,0.0429162846124467
20171026,0.12399348378005308
20171025,0.19448663820648468
20171024,0.2598328646514801
20171023,0.12019202096479574
20171022,0.2537499262817969
20171021,0.16793754985776277
20171020,0.24489291594294618
20171019,0.24251796750072227
20171018,-0.004773417481582489
20171017,0.3004583768169463
20171016,0.2082102918977677
20171015,0.19788474478755924
20171014,0.2890639996144929
20171013,0.30654022264459707
20171012,0.20994944098829377
20171011,0.13822704418549284
20171010,0.2181561803656214
20171009,0.17492845174527386
20171008,0.15574110163729976
20171007,0.3357016373542708
20171006,0.11145758576867064
20171005,0.0854528039116194
20171004,0.1768676270678426
20171003,0.22398587955303761
20171002,0.20887411450724028
20171001,0.2413200675665372
20170930,0.1818215929310045
20170929,0.3337093046518318
20170928,0.22641962542034721
20170927,0.22197067288375874
20170926,0.22197067288375874
20170925,0.2996731577966805
20170924,0.26764572886497723
20170923,0.1377832485822624
20170922,0.05643378929144967
20170921,0.27591166927510163
20170920,0.27591166927510163
20170919,0.16000357957380687
20170918,0.27066334538625897
20170917,0.2577463933728096
20170916,0.21759717295836492
20170915,0.20307461990631367
20170914,0.07334782077410476
20170913,0.12267294741084239
20170912,0.22596835450988567
20170911,0.3060899499043655
20170910,0.24462742443130378
20170909,0.29000213954973403
20170908,0.08010533581815758
20170907,0.20189477637733133
20170906,0.15386906560554078
20170905,0.2357361234489872
20170904,0.2945140277864053
20170903,0.29970736974669765
20170902,0.34343672506837847
20170901,0.2999663428147088
20170831,0.33183290938823656
20170830,0.22778593326312194
20170829,0.18504403699111288
20170828,0.18504403699111288
20170827,0.3117998359652562
20170826,0.22805929817132456
20170825,0.17984866365089372
20170824,0.12224497807905994
20170823,0.14710387231317706
20170822,0.309929760781038
20170821,0.2597751276831955
20170820,0.07657837314067775
20170819,0.23707188475145555
20170818,0.18620517281823265
20170817,0.2575871556527667
20170816,0.1257624354299012
20170815,0.10374858818298172
20170814,0.2539190480367814
20170813,0.31899920972485013
20170812,0.28987370485347475
20170811,0.3250430537403383
20170810,0.20170935468545423
20170809,0.12446086015217173
20170808,0.3220597559891191
20170807,0.30128522853960665
20170806,0.35569130729415405
20170805,0.0031151702530007423
20170804,0.2596660311002702
20170803,0.39126724231320364
20170802,0.29935749177267135
20170801,0.3268873537372637
20170731,0.16003778213987838
20170730,0.16003778213987838
20170729,0.17593907460833247
20170728,0.21047868877514742
20170727,0.2263904596565142
20170726,0.2577903159380968
20170725,0.0825540369147113
20170724,0.4415196696992089
20170723,0.38010678488308475
20170722,0.2502720184360106
20170721,0.42741358235400584
20170720,0.28386687036635355
20170719,0.21497861417715228
20170718,0.338526542978819
20170717,0.4234915879834072
20170716,0.28231950957023383
20170715,0.09814639859944416
20170714,0.4062917174465319
20170713,0.11766244625005438
20170712,0.25225965586185356
20170711,0.3349438909811871
20170710,0.464080428285539
20170709,0.464080428285539
20170708,0.17123004319863264
20170707,0.364986118792138
20170706,0.31353434089910326
20170705,0.1543021793875067
20170704,0.056211667462500364
20170703,0.04092708481572207
20170702,0.15611789403690626
20170701,0.24136729675506363
20170630,0.21250937320104885
20170629,0.23238185267510403
20170628,0.08475341163118921
20170627,0.15180569436705732
20170626,0.22367717470950463
20170625,0.19162767972995803
20170624,0.2722183777769482
20170623,0.2741978697353521
20170622,0.260550217492489
20170621,0.14676944223602184
20170620,0.11749850468612845
20170619,0.3071286006217612
20170618,0.32659262886004065
20170617,0.13575005206818797
20170616,0.13575005206818797
20170615,0.2057114832028465
20170614,0.11236450094561962
20170613,-0.06822241473029199
20170612,0.21559270520392457
20170611,0.3273880274550729
20170610,0.3304743205942539
20170609,0.06824153662671445
20170608,0.1432296724572391
20170607,0.33048331761119504
20170606,0.1430011687391882
20170605,0.2673316674709104
20170604,0.2038352398569828
20170603,0.27326890087531197
20170602,0.2151794895367641
20170601,0.1477413394469345
20170531,0.038202243441956635
20170530,0.17621429117074042
20170529,0.17621429117074042
20170528,0.2080223192609771
20170527,0.16214446218497958
20170526,0.39910076030791214
20170525,0.3039781267832038
20170524,0.22343276267315487
20170523,0.3542263126269774
20170522,0.13617595119912074
20170521,0.2959120779178365
20170520,0.3282190731199492
20170519,0.23197559626781422
20170518,0.1296089893715094
20170517,0.2954834001515597
20170516,0.06198148402830657
20170515,0.2809028099750154
20170514,0.2809028099750154
20170513,0.16550014257750248
20170512,0.3898321647613196
20170511,0.30488782917629237
20170510,0.054509796492199676
20170509,0.40251710115527634
20170508,0.42964145787716723
20170507,0.2166575507679303
20170506,0.28528650439465153
20170505,0.3686360012048453
20170504,0.15912103248030304
20170503,0.2586636990281229
20170502,0.21060277638291727
20170501,0.11839951774255951
20170430,0.09697020829624267
20170429,0.1939970635738391
20170428,0.20718231848081362
20170427,0.08392019038372911
20170426,0.17763475330015274
20170425,0.20218004215344726
20170424,0.20205424903060792
20170423,0.3427569913218126
20170422,0.4180259695731346
20170421,0.27018578558944145
20170420,0.08120360494608346
20170419,0.05914484284076709
20170418,0.2679863323681104
20170417,0.27565399806584456
20170416,0.23030904265505006
20170415,0.27651159075685433
20170414,0.15275723896449048
20170413,0.33898606361311784
20170412,0.2759982311371699
20170411,0.23398614975754145
20170410,0.022969729911467042
20170409,0.10748715947084328
20170408,-0.008134578037465891
20170407,0.07312593932678321
20170406,0.17487797998471488
20170405,0.26143602578010533
20170404,0.28395266503522476
20170403,0.24846740761483255
20170402,0.1622427677476208
20170401,0.298220735664184
20170331,0.14851478175249969
20170330,0.10499394623897881
20170329,0.17128717072248148
20170328,0.05079703054359395
20170327,0.15609197999705854
20170326,0.2886232423878049
20170325,0.13347751653156958
20170324,0.2962193028919283
20170323,-0.008046362400592677
20170322,0.25868670326800997
20170321,0.11999647585286588
20170320,0.2143649482442748
20170319,0.2954137980102752
20170318,0.148286638291544
20170317,0.3420898937874899
20170316,0.13546061467824913
20170315,0.3087652806087079
20170314,0.15708818529049784
20170313,0.05592526649645861
20170312,0.1571077740595164
20170311,0.25011709038328667
20170310,0.25859829357676845
20170309,0.31786420042234403
20170308,0.20853791500453028
20170307,0.3484696662515206
20170306,0.2996635712764754
20170305,0.2323941346576924
20170304,0.27226190247373766
20170303,0.2702799506733919
20170302,0.24177874508974065
20170301,0.35142221161949094
20170228,0.24356802112991335
20170227,0.28541025149393867
20170226,0.18340783263290641
20170225,0.2531869978612474
20170224,0.2574847498875198
20170223,0.272878620716895
20170222,0.2887066657304125
20170221,0.2498457033719989
20170220,0.1361860417120685
20170219,0.2690468806850291
20170218,0.22164836973865149
20170217,0.32428476660633937
20170216,0.21746546685235107
20170215,0.18207927462770476
20170214,0.3501109433638353
20170213,0.3788136590895592
20170212,0.24522877195078985
20170211,0.31081215995687167
20170210,0.2699683727956902
20170209,0.2737521013501518
20170208,0.2826313584956737
20170207,0.20936419684022747
20170206,0.23415593027376214
20170205,0.33321546114344897
20170204,0.2842485014977092
20170203,-0.7923352042939829
20170202,-0.7923352042939829
20170201,0.3441572592602309
20170131,0.04368597004139013
20170130,0.18234327939103556
20170129,0.2461390567062126
20170128,0.33118095238623985
20170127,0.24195754046064621
20170126,0.33964749486552614
20170125,0.20665391518397613
20170124,0.14821152302325594
20170123,0.2969868971212245
20170122,0.41037833504537036
20170121,0.39552621573610286
20170120,0.254546301135835
20170119,0.2032116586598672
20170118,0.39364183276339665
20170117,0.26087138584377995
20170116,0.29364808388019725
20170115,0.258119778417752
20170114,0.25995496131872675
20170113,0.21616323589416575
20170112,0.33913935191325373
20170111,0.23518903726731924
20170110,0.3510616653920939
20170109,0.38589239436287875
20170108,0.27847540816184346
20170107,0.2657008772522716
20170106,0.42067723339920193
20170105,0.42067723339920193
20170104,0.42067723339920193
20170103,0.34062875774685925
20170102,0.34062875774685925
20170101,0.34062875774685925
20161231,0.3115963357850373
20161230,0.3115963357850373
20161229,0.3115963357850373
20161228,0.3115963357850373
20161227,0.34568098474095965
20161226,0.34568098474095965
20161225,0.34568098474095965
20161224,0.3808453791878277
20161223,0.3808453791878277
20161222,0.3808453791878277
20161221,0.23868901650530105
20161220,0.23868901650530105
20161219,0.23868901650530105
20161218,0.23868901650530105
20161217,0.23868901650530105
20161216,0.3378354994022222
20161215,0.3378354994022222
20161214,0.3378354994022222
20161213,0.3378354994022222
20161212,0.3378354994022222
20161211,0.3378354994022222
20161210,0.3378354994022222
20161209,0.390509405648087
20161208,0.390509405648087
20161207,0.390509405648087
20161206,0.390509405648087
20161205,0.390509405648087
20161204,0.390509405648087
20161203,0.390509405648087
20161202,0.25201909018729907
20161201,0.25201909018729907
20161130,0.25201909018729907
20161129,0.25201909018729907
20161128,0.25201909018729907
20161127,0.25201909018729907
20161126,0.3006634486853391
20161125,0.3006634486853391
20161124,0.3006634486853391
20161123,0.3006634486853391
20161122,0.3006634486853391
20161121,0.3006634486853391
20161120,0.31534851823704607
20161119,0.31534851823704607
20161118,0.31534851823704607
20161117,0.31534851823704607
20161116,0.31534851823704607
20161115,0.31534851823704607
20161114,0.24564402730185889
20161113,0.24564402730185889
20161112,0.24564402730185889
20161111,0.24564402730185889
20161110,0.36904919726180746
20161109,0.36904919726180746
20161108,0.36904919726180746
20161107,0.36904919726180746
20161106,0.36904919726180746
20161105,0.36904919726180746
20161104,0.3279216979192497
20161103,0.3279216979192497
20161102,0.3279216979192497
20161101,0.3279216979192497
20161031,0.27175497938968646
20161030,0.27175497938968646
20161029,0.27175497938968646
20161028,0.22956906094276325
20161027,0.22956906094276325
20161026,0.382937750776849
20161025,0.30386650741789645
20161024,0.30386650741789645
20161023,0.30386650741789645
20161022,0.30386650741789645
20161021,0.32049428523707146
20161020,0.32049428523707146
20161019,0.32049428523707146
20161018,0.32049428523707146
20161017,0.40245070014758116
20161016,0.40245070014758116
20161015,0.2254535060113897
20161014,0.2254535060113897
20161013,0.2254535060113897
20161012,0.2254535060113897
20161011,0.1961888439613043
20161010,0.1961888439613043
20161009,0.1961888439613043
20161008,0.1961888439613043
20161007,0.369725567034361
20161006,0.369725567034361
20161005,0.369725567034361
20161004,0.369725567034361
20161003,0.3468037421804921
20161002,0.3468037421804921
20161001,0.3468037421804921
20160930,0.3468037421804921
20160929,0.3468037421804921
20160928,0.3468037421804921
20160927,0.328150065073855
20160926,0.328150065073855
20160925,0.328150065073855
20160924,0.328150065073855
20160923,0.328150065073855
20160922,0.328150065073855
20160921,0.328150065073855
20160920,0.328150065073855
20160919,0.3557220747277563
20160918,0.3557220747277563
20160917,0.3557220747277563
20160916,0.3557220747277563
20160915,0.3557220747277563
20160914,0.26008151392516804
20160913,0.26008151392516804
20160912,0.26008151392516804
20160911,0.26008151392516804
20160910,0.26008151392516804
20160909,0.26008151392516804
20160908,0.26008151392516804
20160907,0.26008151392516804
20160906,0.26008151392516804
20160905,0.26008151392516804
20160904,0.23590392685402256
20160903,0.23590392685402256
20160902,0.23590392685402256
20160901,0.23590392685402256
20160831,0.23590392685402256
20160830,0.23590392685402256
20160829,0.23590392685402256
20160828,0.23590392685402256
20160827,0.23590392685402256
20160826,0.23590392685402256
20160825,0.23590392685402256
20160824,0.23590392685402256
20160823,0.23590392685402256
20160822,0.23590392685402256
20160821,0.23590392685402256
20160820,0.23590392685402256
20160819,0.09342750363999303
20160818,0.09342750363999303
20160817,0.09342750363999303
20160816,0.09342750363999303
20160815,0.09342750363999303
20160814,0.09342750363999303
20160813,0.09342750363999303
20160812,0.09342750363999303
20160811,0.09342750363999303
20160810,0.09342750363999303
20160809,0.09342750363999303
20160808,0.09342750363999303
20160807,0.14408500211581704
20160806,0.14408500211581704
20160805,0.14408500211581704
20160804,0.14408500211581704
20160803,0.1460894858877728
20160802,0.35382082625215777
20160801,0.16228464920905003
20160731,0.16228464920905003
20160730,0.2438276108651838
20160729,0.2438276108651838
20160728,0.17877876894243724
20160727,0.17877876894243724
20160726,0.20657082700582113
20160725,0.20657082700582113
20160724,0.17898168445511567
20160723,0.17898168445511567
20160722,0.17898168445511567
20160721,0.17898168445511567
20160720,0.17898168445511567
20160719,0.19603540537189904
20160718,0.19603540537189904
20160717,0.19603540537189904
20160716,0.23582186029414035
20160715,0.23582186029414035
20160714,0.23582186029414035
20160713,0.2044016331983347
20160712,0.2044016331983347
20160711,0.2044016331983347
20160710,0.2044016331983347
20160709,0.20914060720942335
20160708,0.20914060720942335
20160707,0.20914060720942335
20160706,0.19095327709086918
20160705,0.12124330434456565
20160704,0.160234315660826
20160703,0.1796788401579466
20160702,0.1796788401579466
20160701,0.2244245905548858
20160630,0.2244245905548858
20160629,0.2244245905548858
20160628,0.30536837005927453
20160627,0.24181460026434737
20160626,0.24181460026434737
20160625,0.31377786589502443
20160624,0.31377786589502443
20160623,0.29741714031682265
20160622,0.18773244396275074
20160621,0.12147622806223686
20160620,0.12147622806223686
20160619,0.20921871677634693
20160618,0.32226528706059104
20160617,0.32226528706059104
20160616,0.1546942673870889
20160615,0.1546942673870889
20160614,0.1546942673870889
20160613,0.40321991970571625
20160612,0.40321991970571625
20160611,0.40321991970571625
20160610,0.40321991970571625
20160609,0.40321991970571625
20160608,0.21937938733783946
20160607,0.21937938733783946
20160606,0.21937938733783946
20160605,0.21937938733783946
20160604,0.13911557163792743
20160603,0.13911557163792743
20160602,0.13911557163792743
20160601,0.13911557163792743
20160531,0.3155478707786948
20160530,0.3155478707786948
20160529,0.3155478707786948
20160528,0.3155478707786948
20160527,0.20225628634801798
20160526,0.26168307936717905
20160525,0.26168307936717905
20160524,0.26168307936717905
20160523,0.15935586977899302
20160522,0.15935586977899302
20160521,0.15935586977899302
20160520,0.19902807275293424
20160519,0.19902807275293424
20160518,0.19902807275293424
20160517,0.2922590459921108
20160516,0.2922590459921108
20160515,0.2922590459921108
20160514,0.2922590459921108
20160513,0.3967377901168179
20160512,0.29820160282947983
20160511,0.29820160282947983
20160510,0.29820160282947983
20160509,0.29820160282947983
20160508,0.29820160282947983
20160507,0.2513010645358027
20160506,0.2513010645358027
20160505,0.2513010645358027
20160504,0.2513010645358027
20160503,0.22433214506084045
20160502,0.2521960195702174
20160501,0.2521960195702174
20160430,0.2521960195702174
20160429,0.22952018994411222
20160428,0.22952018994411222
20160427,0.22952018994411222
20160426,0.22952018994411222
20160425,0.22952018994411222
20160424,0.22952018994411222
20160423,0.29112367025958763
20160422,0.29112367025958763
20160421,0.29112367025958763
20160420,0.22592635928197213
20160419,0.35222578149632394
20160418,0.32930975985856953
20160417,0.32930975985856953
20160416,0.32930975985856953
20160415,0.23928435466276157
20160414,0.23928435466276157
20160413,0.23928435466276157
20160412,0.23928435466276157
20160411,0.23928435466276157
20160410,0.30199565973923254
20160409,0.30199565973923254
20160408,0.30199565973923254
20160407,0.20702308818382126
20160406,0.20702308818382126
20160405,0.20702308818382126
20160404,0.20702308818382126
20160403,0.20702308818382126
20160402,0.31916651949080954
20160401,0.31916651949080954
20160331,0.24616486961480966
20160330,0.3087362670278448
20160329,0.3122683407405054
20160328,0.3122683407405054
20160327,0.21725550648956363
20160326,0.21725550648956363
20160325,0.21725550648956363
20160324,0.21725550648956363
20160323,0.24850536905409068
20160322,0.24850536905409068
20160321,0.24850536905409068
20160320,0.21295436678811683
20160319,0.21295436678811683
20160318,0.21295436678811683
20160317,0.2590480143812722
20160316,0.2590480143812722
20160315,0.2590480143812722
20160314,0.2590480143812722
20160313,0.10857839366033539
20160312,0.10857839366033539
20160311,0.10857839366033539
20160310,0.41067189957046274
20160309,0.41067189957046274
20160308,0.41067189957046274
20160307,0.1715580554634634
20160306,0.1715580554634634
20160305,0.2621143891519208
20160304,0.2621143891519208
20160303,0.2621143891519208
20160302,0.30085040971322846
20160301,0.30085040971322846
20160229,0.30085040971322846
20160228,0.2760546801535165
20160227,0.2760546801535165
20160226,0.2760546801535165
20160225,0.2760546801535165
20160224,0.24214443820497333
20160223,0.24214443820497333
20160222,0.24766679064614433
20160221,0.24766679064614433
20160220,0.24766679064614433
20160219,0.13445329041328202
20160218,0.13445329041328202
20160217,0.19709904223541538
20160216,0.19709904223541538
20160215,0.19709904223541538
20160214,0.2731200368869424
20160213,0.26832710562939643
20160212,0.22255330730737488
20160211,0.2515464108976366
20160210,0.23088189314512753
20160209,0.3900202055680944
20160208,0.1810461242286932
20160207,0.1810461242286932
20160206,0.2521065897942544
20160205,0.2521065897942544
20160204,0.37708384863443023
20160203,0.11687384125654911
20160202,0.35425415300238683
20160201,0.35425415300238683
20160131,0.2491286937514487
20160130,0.3328127497352683
20160129,0.15562779694872073
20160128,0.15562779694872073
20160127,0.24213392753258173
20160126,0.24213392753258173
20160125,0.29183960484753246
20160124,0.29183960484753246
20160123,0.2727409763740985
20160122,0.2949933845141989
20160121,0.2949933845141989
20160120,0.2949933845141989
20160119,0.1523861806632377
20160118,0.1523861806632377
20160117,0.1523861806632377
20160116,0.19234970337694723
20160115,0.1755335915489253
20160114,0.1319758176150167
20160113,0.228168950730734
20160112,0.233620889743602
20160111,0.2222824643728696
20160110,0.2222824643728696
20160109,0.3060947708898937
20160108,0.27231107765457585
20160107,0.27231107765457585
20160106,0.27231107765457585
20160105,0.27231107765457585
20160104,0.26743104497079345
20160103,0.26743104497079345
20160102,0.26743104497079345
20160101,0.3485688787907449
20151231,0.3485688787907449
20151230,0.3485688787907449
20151229,0.19111687743056557
20151228,0.19111687743056557
20151227,0.27224151712876193
20151226,0.41661628652638333
20151225,0.22115700992332976
20151224,0.28491902082139176
20151223,0.14774973629812546
20151222,0.3250484662169656
20151221,0.3250484662169656
20151220,0.27912892009108903
20151219,0.20360946742912833
20151218,0.20360946742912833
20151217,0.20360946742912833
20151216,0.20360946742912833
20151215,0.23431185322838702
20151214,0.23431185322838702
20151213,0.23431185322838702
20151212,0.23431185322838702
20151211,0.19420761514855747
20151210,0.34346461723204014
20151209,0.34346461723204014
20151208,0.34346461723204014
20151207,0.24622590301972133
20151206,0.24622590301972133
20151205,0.24622590301972133
20151204,0.24622590301972133
20151203,0.22599289263359326
20151202,0.22599289263359326
20151201,0.22599289263359326
20151130,0.22599289263359326
20151129,0.3128553308536626
20151128,0.3128553308536626
20151127,0.3128553308536626
20151126,0.3128553308536626
20151125,0.17418486206689898
20151124,0.17418486206689898
20151123,0.17418486206689898
20151122,0.22445416123548395
20151121,0.06312314382752042
20151120,0.06312314382752042
20151119,0.06312314382752042
20151118,0.06312314382752042
20151117,0.06312314382752042
20151116,0.42354517011449266
20151115,0.42354517011449266
20151114,0.42354517011449266
20151113,0.42354517011449266
20151112,0.257363503636947
20151111,0.257363503636947
20151110,0.257363503636947
20151109,0.29654855522797063
20151108,0.29654855522797063
20151107,0.29654855522797063
20151106,0.1759734804439656
20151105,0.38499471556335646
20151104,0.2863396600299382
20151103,0.2863396600299382
20151102,0.2863396600299382
20151101,0.38495725210135745
20151031,0.38495725210135745
20151030,0.38495725210135745
20151029,0.20570433986168243
20151028,0.20570433986168243
20151027,0.20570433986168243
20151026,0.20570433986168243
20151025,0.21481129457315454
20151024,0.21481129457315454
20151023,0.21481129457315454
20151022,0.2590719345863612
20151021,0.2590719345863612
20151020,0.2590719345863612
20151019,0.2590719345863612
20151018,0.2590719345863612
20151017,0.2590719345863612
20151016,0.34853079828862227
20151015,0.34853079828862227
20151014,0.34853079828862227
20151013,0.34853079828862227
20151012,0.34853079828862227
20151011,0.34853079828862227
20151010,0.34853079828862227
20151009,0.34853079828862227
20151008,0.3942102508422836
20151007,0.3942102508422836
20151006,0.3942102508422836
20151005,0.3942102508422836
20151004,0.3942102508422836
20151003,0.3942102508422836
20151002,0.3942102508422836
20151001,0.3942102508422836
20150930,0.3942102508422836
20150929,0.3942102508422836
20150928,0.3942102508422836
20150927,0.3942102508422836
20150926,0.3942102508422836
20150925,0.1631920391218099
20150924,0.1631920391218099
20150923,0.1631920391218099
20150922,0.1631920391218099
20150921,0.1631920391218099
20150920,0.1631920391218099
20150919,0.1631920391218099
20150918,0.1631920391218099
20150917,0.1631920391218099
20150916,0.1631920391218099
20150915,0.1631920391218099
20150914,0.2642871718165064
20150913,0.2642871718165064
20150912,0.2642871718165064
20150911,0.2642871718165064
20150910,0.22042350371574357
20150909,0.22042350371574357
20150908,0.22042350371574357
20150907,0.22042350371574357
20150906,0.22042350371574357
20150905,0.22042350371574357
20150904,0.22042350371574357
20150903,0.22042350371574357
20150902,0.22042350371574357
20150901,0.22042350371574357
20150831,0.22042350371574357
20150830,0.28420141376574704
20150829,0.28420141376574704
20150828,0.28420141376574704
20150827,0.28420141376574704
20150826,0.28420141376574704
20150825,0.28420141376574704
20150824,0.28420141376574704
20150823,0.28420141376574704
20150822,0.28420141376574704
20150821,0.28420141376574704
20150820,0.28420141376574704
20150819,0.30468062462045614
20150818,0.30468062462045614
20150817,0.34336687985352365
20150816,0.34336687985352365
20150815,0.26922133571136997
20150814,0.41087316617881686
20150813,0.405515767016722
20150812,0.2615427538732884
20150811,0.17947344013014438
20150810,0.37589119101734797
20150809,0.37589119101734797
20150808,0.37589119101734797
20150807,0.37589119101734797
20150806,0.37589119101734797
20150805,0.37589119101734797
20150804,0.37589119101734797
20150803,0.37589119101734797
20150802,0.3440844189088903
20150801,0.3440844189088903
20150731,0.3440844189088903
20150730,0.3440844189088903
20150729,0.3440844189088903
20150728,0.3440844189088903
20150727,0.3440844189088903
20150726,0.3440844189088903
20150725,0.3440844189088903
20150724,0.13271061719386298
20150723,0.13271061719386298
20150722,0.3820101943302897
20150721,0.3820101943302897
20150720,0.3820101943302897
20150719,0.3820101943302897
20150718,0.42826512584564536
20150717,0.42826512584564536
20150716,0.42826512584564536
20150715,0.42826512584564536
20150714,0.42826512584564536
20150713,0.42826512584564536
20150712,0.30047979003398195
20150711,0.30047979003398195
20150710,0.30047979003398195
20150709,0.30047979003398195
20150708,0.2485610180006109
20150707,0.35782258044387494
20150706,0.36212190158771695
20150705,0.1559350998022316
20150704,0.1559350998022316
20150703,0.23989003107841633
20150702,0.23989003107841633
20150701,0.23989003107841633
20150630,0.23989003107841633
20150629,0.23989003107841633
20150628,0.31055268738422287
20150627,0.31055268738422287
20150626,0.31055268738422287
20150625,0.31055268738422287
20150624,0.31055268738422287
20150623,0.31055268738422287
20150622,0.27268151891732023
20150621,0.3666524748889065
20150620,0.3038812432085533
20150619,0.3038812432085533
20150618,0.2059630573867429
20150617,0.39110480965791417
20150616,0.39110480965791417
20150615,0.21306871165452643
20150614,0.21306871165452643
20150613,0.3951238791323708
20150612,0.31321006746058627
20150611,0.27952989464035166
20150610,0.28183639170527924
20150609,0.37202156031587985
20150608,0.37202156031587985
20150607,0.3907574798990962
20150606,0.3295049173189361
20150605,0.2509005241200569
20150604,0.15146414943476413
20150603,0.2785118053214853
20150602,0.24584348280182017
20150601,0.18653260007069625
20150531,0.21871815002580802
20150530,0.42743409899612833
20150529,0.3606414570410017
20150528,0.3647468476882191
20150527,0.3647468476882191
20150526,0.3647468476882191
20150525,0.4233697553292224
20150524,0.4233697553292224
20150523,0.4233697553292224
20150522,0.3585019388570264
20150521,0.2819058744870053
20150520,0.3249471763784906
20150519,0.3249471763784906
20150518,0.3249471763784906
20150517,0.2436868969160221
20150516,0.2436868969160221
20150515,0.2436868969160221
20150514,0.2665170751925689
20150513,0.2270793702211155
20150512,0.27275104367278846
20150511,0.22669658058855816
20150510,0.2705812392017274
